W2.WT-C08.clone 0.000 301.000 232.000 240.000 337.000 271.000 325.000 240.000 269.000 292.000 226.000 232.000 388.000 261.000 243.000 291.000 290.000 233.000 237.000 272.000 234.000 234.000 301.000 290.000 231.000 234.000 231.000 246.000 156.000 228.000 246.000 231.000 301.000 231.000 231.000 240.000 234.000 250.000 162.000 227.000 210.000 269.000 177.000 268.000 268.000 269.000 283.000 315.000 283.000 234.000 310.000 267.000 270.000 268.000 325.000 221.000 307.000 313.000 294.000 228.000 289.000 231.000 243.000 271.000 298.000 313.000 270.000 331.000 286.000 252.000 330.000 324.000 316.000 246.000 278.000 235.000 296.000 296.000 298.000 296.000 272.000 243.000 231.000 243.000 231.000 234.000 234.000 234.000 266.000 323.000 266.000 247.000 246.000 246.000 249.000 207.000 231.000 231.000 231.000 278.000 320.000 310.000 290.000 301.000 325.000 325.000 304.000 274.000 240.000 334.000 153.000 287.000 246.000 250.000 251.000 231.000 274.000 228.000 290.000 251.000 342.000 290.000 295.000 267.000 255.000 269.000 293.000 221.000 240.000 260.000 210.000 284.000 301.000 301.000 314.000 267.000 284.000 249.000 269.000 243.000 311.000 314.000 271.000 231.000 214.000 262.000 243.000 278.000 280.000 153.000 298.000 307.000 271.000 266.000 251.000 153.000
W2.WT-D06.clone 301.000 0.000 270.000 269.000 165.000 272.000 180.000 265.000 268.000 274.000 249.000 298.000 303.000 282.000 294.000 297.000 269.000 233.000 308.000 210.000 288.000 300.000 39.000 269.000 294.000 300.000 294.000 288.000 314.000 294.000 276.000 300.000 39.000 294.000 300.000 294.000 288.000 303.000 250.000 222.000 285.000 159.000 272.000 273.000 273.000 159.000 269.000 309.000 269.000 300.000 171.000 258.000 225.000 300.000 162.000 302.000 192.000 108.000 289.000 306.000 63.000 294.000 300.000 258.000 177.000 165.000 264.000 262.000 307.000 309.000 294.000 295.000 287.000 284.000 233.000 277.000 305.000 305.000 298.000 305.000 198.000 232.000 294.000 294.000 294.000 288.000 300.000 275.000 275.000 305.000 275.000 255.000 288.000 273.000 299.000 303.000 294.000 294.000 300.000 287.000 311.000 321.000 249.000 177.000 153.000 243.000 278.000 275.000 294.000 248.000 314.000 306.000 294.000 298.000 292.000 300.000 261.000 267.000 269.000 244.000 328.000 269.000 291.000 223.000 274.000 245.000 245.000 128.000 294.000 291.000 285.000 276.000 0.000 0.000 172.000 284.000 276.000 299.000 288.000 294.000 172.000 307.000 196.000 294.000 288.000 277.000 276.000 276.000 188.000 314.000 12.000 72.000 307.000 267.000 307.000 314.000
NP311_CD8_LCK4_C02.clone 232.000 270.000 0.000 188.000 321.000 313.000 324.000 216.000 272.000 314.000 207.000 285.000 358.000 289.000 279.000 285.000 310.000 292.000 277.000 270.000 279.000 267.000 270.000 310.000 279.000 267.000 267.000 279.000 256.000 279.000 291.000 279.000 270.000 279.000 291.000 291.000 291.000 272.000 220.000 232.000 279.000 276.000 232.000 210.000 210.000 276.000 296.000 321.000 296.000 267.000 297.000 271.000 293.000 222.000 330.000 212.000 336.000 288.000 269.000 291.000 270.000 267.000 276.000 272.000 312.000 333.000 281.000 327.000 218.000 285.000 305.000 310.000 305.000 281.000 343.000 212.000 301.000 301.000 305.000 301.000 285.000 243.000 267.000 279.000 267.000 291.000 267.000 268.000 298.000 313.000 298.000 273.000 291.000 291.000 274.000 267.000 267.000 279.000 279.000 310.000 325.000 302.000 291.000 312.000 267.000 308.000 257.000 255.000 276.000 314.000 256.000 321.000 279.000 269.000 256.000 279.000 264.000 219.000 310.000 255.000 348.000 310.000 267.000 261.000 252.000 319.000 268.000 226.000 288.000 283.000 267.000 278.000 270.000 270.000 311.000 304.000 278.000 274.000 283.000 279.000 323.000 302.000 246.000 279.000 224.000 287.000 288.000 309.000 277.000 256.000 270.000 279.000 299.000 285.000 280.000 256.000
NP311_CD8_LCK4_C10.clone 240.000 269.000 188.000 0.000 278.000 289.000 290.000 247.000 245.000 279.000 209.000 266.000 358.000 262.000 292.000 279.000 291.000 285.000 262.000 290.000 280.000 280.000 281.000 291.000 280.000 268.000 280.000 292.000 252.000 280.000 280.000 268.000 281.000 280.000 256.000 292.000 292.000 253.000 223.000 238.000 259.000 251.000 192.000 263.000 263.000 251.000 265.000 300.000 262.000 268.000 281.000 253.000 268.000 173.000 275.000 212.000 290.000 266.000 287.000 283.000 293.000 280.000 277.000 275.000 266.000 275.000 288.000 294.000 212.000 285.000 290.000 302.000 296.000 285.000 288.000 191.000 321.000 321.000 213.000 321.000 246.000 226.000 280.000 292.000 280.000 292.000 268.000 254.000 279.000 324.000 279.000 207.000 292.000 280.000 282.000 259.000 280.000 280.000 268.000 291.000 324.000 313.000 235.000 269.000 281.000 321.000 281.000 198.000 289.000 329.000 252.000 310.000 292.000 282.000 286.000 268.000 248.000 238.000 291.000 250.000 337.000 291.000 256.000 246.000 274.000 318.000 288.000 231.000 289.000 235.000 247.000 287.000 269.000 269.000 318.000 265.000 287.000 282.000 274.000 292.000 306.000 293.000 236.000 280.000 226.000 249.000 277.000 301.000 285.000 252.000 266.000 263.000 293.000 270.000 277.000 252.000
NP311_CD8_LCK4_C01.clone 337.000 165.000 321.000 278.000 0.000 281.000 69.000 259.000 301.000 283.000 264.000 301.000 276.000 273.000 294.000 294.000 302.000 239.000 266.000 252.000 288.000 300.000 192.000 302.000 294.000 300.000 294.000 288.000 323.000 294.000 276.000 300.000 192.000 294.000 288.000 294.000 288.000 327.000 310.000 297.000 285.000 267.000 296.000 339.000 339.000 267.000 287.000 294.000 287.000 300.000 99.000 273.000 234.000 276.000 93.000 326.000 96.000 93.000 292.000 282.000 204.000 294.000 300.000 282.000 108.000 105.000 330.000 289.000 337.000 306.000 234.000 307.000 323.000 317.000 194.000 337.000 272.000 272.000 259.000 272.000 237.000 271.000 297.000 294.000 294.000 288.000 300.000 299.000 308.000 284.000 308.000 309.000 288.000 276.000 278.000 303.000 297.000 294.000 300.000 308.000 278.000 246.000 276.000 108.000 90.000 291.000 299.000 278.000 294.000 296.000 323.000 318.000 300.000 337.000 322.000 300.000 306.000 282.000 302.000 280.000 319.000 302.000 330.000 253.000 307.000 215.000 302.000 197.000 294.000 315.000 285.000 306.000 165.000 165.000 268.000 242.000 306.000 278.000 258.000 294.000 268.000 313.000 214.000 294.000 324.000 304.000 279.000 303.000 164.000 323.000 177.000 162.000 322.000 291.000 328.000 323.000
NP311_CD8_LCK4_C09.clone 271.000 272.000 313.000 289.000 281.000 0.000 269.000 236.000 309.000 274.000 287.000 267.000 378.000 239.000 315.000 345.000 296.000 302.000 317.000 276.000 303.000 315.000 272.000 296.000 315.000 303.000 315.000 315.000 330.000 312.000 315.000 300.000 272.000 315.000 300.000 312.000 315.000 256.000 278.000 291.000 324.000 279.000 303.000 309.000 309.000 279.000 200.000 282.000 197.000 303.000 266.000 268.000 281.000 308.000 257.000 238.000 263.000 245.000 313.000 315.000 269.000 315.000 303.000 289.000 242.000 257.000 283.000 207.000 288.000 309.000 323.000 309.000 237.000 247.000 359.000 255.000 314.000 314.000 322.000 314.000 239.000 296.000 315.000 315.000 315.000 315.000 303.000 294.000 305.000 326.000 305.000 303.000 315.000 315.000 306.000 324.000 315.000 315.000 300.000 305.000 281.000 309.000 325.000 245.000 266.000 286.000 331.000 240.000 315.000 289.000 318.000 283.000 315.000 300.000 290.000 300.000 298.000 280.000 296.000 293.000 316.000 296.000 299.000 277.000 296.000 302.000 290.000 287.000 315.000 279.000 324.000 279.000 272.000 272.000 300.000 289.000 270.000 306.000 331.000 315.000 285.000 227.000 308.000 315.000 280.000 312.000 315.000 198.000 222.000 318.000 269.000 236.000 274.000 190.000 266.000 318.000
NP311_CD8_LCK4_C03.clone 325.000 180.000 324.000 290.000 69.000 269.000 0.000 265.000 301.000 277.000 261.000 316.000 291.000 258.000 321.000 327.000 299.000 236.000 284.000 246.000 315.000 327.000 195.000 299.000 321.000 327.000 321.000 315.000 311.000 318.000 315.000 324.000 195.000 321.000 312.000 318.000 303.000 324.000 301.000 300.000 300.000 255.000 296.000 339.000 339.000 255.000 275.000 306.000 275.000 327.000 105.000 294.000 234.000 282.000 93.000 326.000 105.000 87.000 313.000 309.000 207.000 321.000 327.000 267.000 105.000 81.000 333.000 274.000 337.000 300.000 243.000 316.000 314.000 296.000 206.000 337.000 305.000 305.000 286.000 305.000 237.000 292.000 321.000 321.000 321.000 303.000 327.000 287.000 308.000 317.000 308.000 306.000 315.000 315.000 323.000 318.000 321.000 321.000 324.000 302.000 311.000 273.000 309.000 114.000 57.000 291.000 311.000 299.000 321.000 296.000 311.000 312.000 327.000 334.000 319.000 324.000 312.000 303.000 299.000 301.000 343.000 299.000 324.000 253.000 307.000 212.000 305.000 224.000 321.000 324.000 312.000 312.000 180.000 180.000 283.000 266.000 312.000 323.000 297.000 321.000 280.000 328.000 211.000 321.000 336.000 313.000 315.000 285.000 152.000 311.000 192.000 177.000 307.000 276.000 325.000 311.000
L4.LCK-F03.clone 240.000 265.000 216.000 247.000 259.000 236.000 265.000 0.000 273.000 264.000 259.000 251.000 370.000 233.000 287.000 286.000 292.000 299.000 212.000 247.000 269.000 281.000 265.000 292.000 281.000 281.000 281.000 287.000 266.000 278.000 287.000 278.000 265.000 281.000 266.000 284.000 287.000 264.000 275.000 221.000 281.000 250.000 245.000 273.000 273.000 250.000 234.000 331.000 234.000 281.000 211.000 239.000 243.000 226.000 238.000 248.000 274.000 244.000 218.000 281.000 265.000 281.000 284.000 266.000 232.000 259.000 271.000 275.000 289.000 277.000 275.000 262.000 271.000 234.000 323.000 245.000 280.000 280.000 286.000 280.000 226.000 207.000 281.000 287.000 281.000 287.000 281.000 237.000 280.000 271.000 280.000 271.000 287.000 287.000 236.000 281.000 281.000 281.000 278.000 292.000 289.000 279.000 284.000 223.000 250.000 304.000 256.000 271.000 284.000 310.000 263.000 305.000 287.000 290.000 236.000 278.000 220.000 175.000 292.000 231.000 339.000 292.000 292.000 216.000 292.000 335.000 277.000 260.000 284.000 251.000 281.000 242.000 265.000 265.000 286.000 283.000 233.000 236.000 293.000 287.000 283.000 281.000 253.000 281.000 249.000 287.000 284.000 257.000 253.000 263.000 265.000 274.000 316.000 238.000 257.000 263.000
L2.LCK-D01.clone 269.000 268.000 272.000 245.000 301.000 309.000 301.000 273.000 0.000 276.000 246.000 270.000 354.000 244.000 174.000 263.000 260.000 285.000 289.000 264.000 192.000 186.000 271.000 260.000 186.000 186.000 174.000 180.000 236.000 186.000 192.000 198.000 271.000 186.000 198.000 186.000 192.000 285.000 276.000 249.000 204.000 237.000 200.000 289.000 289.000 237.000 306.000 319.000 306.000 186.000 286.000 259.000 274.000 243.000 301.000 281.000 310.000 304.000 270.000 198.000 286.000 174.000 186.000 291.000 310.000 301.000 305.000 281.000 320.000 262.000 319.000 237.000 275.000 284.000 297.000 260.000 293.000 293.000 216.000 293.000 296.000 184.000 174.000 174.000 174.000 192.000 186.000 249.000 248.000 293.000 248.000 238.000 192.000 192.000 239.000 210.000 174.000 186.000 198.000 260.000 305.000 285.000 294.000 310.000 298.000 225.000 284.000 288.000 174.000 266.000 248.000 303.000 186.000 288.000 260.000 198.000 257.000 279.000 260.000 212.000 297.000 260.000 318.000 256.000 248.000 300.000 248.000 231.000 186.000 264.000 216.000 298.000 268.000 268.000 223.000 240.000 298.000 239.000 255.000 174.000 235.000 327.000 262.000 186.000 237.000 267.000 192.000 318.000 276.000 248.000 274.000 292.000 230.000 206.000 281.000 248.000
L2.LCK-C10.clone 292.000 274.000 314.000 279.000 283.000 274.000 277.000 264.000 276.000 0.000 257.000 239.000 283.000 314.000 315.000 315.000 226.000 307.000 313.000 237.000 315.000 315.000 268.000 226.000 315.000 315.000 315.000 315.000 297.000 312.000 315.000 312.000 268.000 315.000 312.000 312.000 303.000 239.000 233.000 258.000 303.000 246.000 270.000 312.000 312.000 246.000 297.000 292.000 294.000 315.000 274.000 294.000 333.000 278.000 280.000 263.000 292.000 268.000 295.000 303.000 280.000 315.000 315.000 283.000 280.000 301.000 292.000 293.000 254.000 325.000 268.000 276.000 281.000 227.000 361.000 260.000 232.000 232.000 294.000 232.000 274.000 269.000 315.000 315.000 315.000 303.000 315.000 221.000 244.000 232.000 244.000 298.000 315.000 315.000 297.000 315.000 315.000 315.000 312.000 256.000 175.000 308.000 222.000 271.000 298.000 163.000 259.000 254.000 315.000 169.000 309.000 210.000 315.000 314.000 290.000 312.000 315.000 284.000 226.000 284.000 291.000 226.000 278.000 267.000 280.000 295.000 193.000 298.000 315.000 282.000 315.000 297.000 274.000 274.000 291.000 283.000 297.000 297.000 309.000 315.000 288.000 308.000 315.000 315.000 323.000 323.000 315.000 319.000 294.000 309.000 274.000 271.000 327.000 269.000 293.000 309.000
L2.LCK-D03.clone 226.000 249.000 207.000 209.000 264.000 287.000 261.000 259.000 246.000 257.000 0.000 267.000 365.000 236.000 267.000 289.000 235.000 276.000 264.000 207.000 249.000 261.000 260.000 235.000 255.000 261.000 255.000 261.000 193.000 252.000 261.000 258.000 260.000 255.000 246.000 264.000 249.000 300.000 222.000 261.000 237.000 183.000 193.000 255.000 255.000 183.000 281.000 316.000 281.000 261.000 278.000 223.000 271.000 150.000 285.000 233.000 293.000 285.000 273.000 255.000 257.000 255.000 270.000 300.000 287.000 297.000 277.000 295.000 260.000 252.000 315.000 269.000 297.000 283.000 312.000 236.000 208.000 208.000 260.000 208.000 281.000 190.000 255.000 267.000 255.000 249.000 261.000 253.000 220.000 229.000 220.000 281.000 261.000 261.000 217.000 243.000 255.000 255.000 258.000 232.000 226.000 170.000 296.000 287.000 281.000 273.000 288.000 266.000 264.000 273.000 181.000 305.000 273.000 259.000 255.000 258.000 234.000 207.000 235.000 198.000 305.000 235.000 222.000 244.000 227.000 276.000 214.000 259.000 264.000 264.000 237.000 283.000 249.000 249.000 251.000 254.000 283.000 217.000 293.000 267.000 248.000 319.000 230.000 255.000 285.000 289.000 258.000 308.000 258.000 181.000 260.000 297.000 255.000 283.000 243.000 181.000
W5.WT-B02.clone 232.000 298.000 285.000 266.000 301.000 267.000 316.000 251.000 270.000 239.000 267.000 0.000 371.000 293.000 265.000 214.000 255.000 249.000 274.000 290.000 262.000 265.000 301.000 252.000 265.000 262.000 265.000 262.000 262.000 253.000 265.000 250.000 301.000 265.000 250.000 253.000 262.000 248.000 259.000 196.000 262.000 287.000 274.000 260.000 260.000 287.000 279.000 215.000 279.000 262.000 301.000 258.000 294.000 261.000 298.000 231.000 313.000 322.000 218.000 253.000 298.000 265.000 262.000 265.000 307.000 307.000 272.000 294.000 294.000 235.000 299.000 262.000 291.000 217.000 324.000 183.000 258.000 258.000 248.000 258.000 299.000 255.000 265.000 262.000 265.000 262.000 262.000 184.000 276.000 273.000 276.000 221.000 265.000 262.000 238.000 262.000 265.000 265.000 250.000 288.000 228.000 265.000 297.000 322.000 328.000 266.000 308.000 242.000 265.000 275.000 250.000 237.000 250.000 224.000 234.000 250.000 236.000 263.000 255.000 269.000 234.000 255.000 290.000 306.000 232.000 276.000 264.000 285.000 262.000 184.000 265.000 202.000 298.000 298.000 278.000 254.000 199.000 238.000 273.000 265.000 263.000 270.000 269.000 262.000 266.000 251.000 265.000 274.000 273.000 250.000 286.000 292.000 272.000 250.000 225.000 250.000
W5.WT-B08.clone 388.000 303.000 358.000 358.000 276.000 378.000 291.000 370.000 354.000 283.000 365.000 371.000 0.000 372.000 342.000 348.000 271.000 348.000 346.000 309.000 345.000 345.000 303.000 280.000 339.000 345.000 345.000 345.000 363.000 345.000 342.000 345.000 303.000 339.000 345.000 342.000 342.000 365.000 334.000 303.000 342.000 363.000 345.000 386.000 386.000 363.000 374.000 282.000 374.000 345.000 300.000 375.000 365.000 347.000 309.000 365.000 291.000 279.000 336.000 345.000 327.000 345.000 345.000 336.000 312.000 312.000 364.000 355.000 379.000 369.000 225.000 339.000 359.000 371.000 294.000 365.000 280.000 280.000 348.000 280.000 331.000 359.000 345.000 345.000 345.000 345.000 345.000 348.000 283.000 280.000 283.000 346.000 342.000 345.000 333.000 366.000 345.000 345.000 345.000 283.000 277.000 368.000 260.000 312.000 300.000 251.000 247.000 361.000 345.000 244.000 363.000 281.000 345.000 385.000 365.000 345.000 351.000 373.000 271.000 357.000 335.000 271.000 379.000 362.000 305.000 354.000 265.000 300.000 345.000 384.000 366.000 383.000 303.000 303.000 348.000 322.000 389.000 333.000 248.000 342.000 348.000 370.000 356.000 345.000 347.000 340.000 345.000 375.000 362.000 363.000 303.000 300.000 402.000 371.000 371.000 363.000
W5.WT-B04.clone 261.000 282.000 289.000 262.000 273.000 239.000 258.000 233.000 244.000 314.000 236.000 293.000 372.000 0.000 258.000 284.000 200.000 234.000 293.000 225.000 255.000 258.000 279.000 209.000 258.000 258.000 258.000 258.000 231.000 246.000 258.000 246.000 279.000 258.000 234.000 246.000 255.000 296.000 284.000 262.000 243.000 234.000 231.000 291.000 291.000 234.000 206.000 324.000 206.000 258.000 258.000 273.000 252.000 242.000 243.000 304.000 252.000 258.000 293.000 258.000 279.000 258.000 258.000 255.000 273.000 231.000 309.000 256.000 333.000 204.000 305.000 286.000 232.000 285.000 336.000 300.000 281.000 281.000 265.000 281.000 263.000 219.000 258.000 258.000 258.000 255.000 258.000 271.000 191.000 266.000 191.000 285.000 258.000 258.000 270.000 231.000 258.000 258.000 246.000 191.000 293.000 258.000 309.000 273.000 255.000 298.000 275.000 297.000 258.000 287.000 231.000 294.000 258.000 278.000 213.000 246.000 259.000 266.000 200.000 251.000 326.000 200.000 330.000 195.000 280.000 330.000 260.000 291.000 255.000 292.000 234.000 326.000 282.000 282.000 249.000 272.000 323.000 270.000 304.000 258.000 237.000 346.000 231.000 255.000 272.000 224.000 258.000 194.000 187.000 231.000 282.000 288.000 176.000 188.000 225.000 231.000
W5.WT-B05.clone 243.000 294.000 279.000 292.000 294.000 315.000 321.000 287.000 174.000 315.000 267.000 265.000 342.000 258.000 0.000 265.000 265.000 244.000 254.000 265.000 30.000 24.000 300.000 265.000 24.000 24.000 12.000 18.000 218.000 24.000 18.000 36.000 300.000 36.000 48.000 12.000 18.000 279.000 262.000 256.000 51.000 286.000 179.000 315.000 315.000 286.000 336.000 236.000 336.000 24.000 312.000 295.000 274.000 255.000 327.000 298.000 303.000 318.000 274.000 72.000 309.000 12.000 24.000 294.000 339.000 315.000 306.000 326.000 339.000 247.000 308.000 279.000 317.000 303.000 268.000 282.000 253.000 253.000 187.000 253.000 316.000 236.000 21.000 12.000 12.000 30.000 24.000 239.000 241.000 259.000 241.000 291.000 18.000 30.000 128.000 69.000 21.000 24.000 36.000 241.000 262.000 287.000 315.000 339.000 315.000 256.000 293.000 305.000 12.000 293.000 206.000 318.000 24.000 302.000 259.000 36.000 267.000 298.000 265.000 240.000 249.000 265.000 350.000 281.000 254.000 250.000 241.000 178.000 24.000 289.000 75.000 308.000 294.000 294.000 140.000 265.000 308.000 128.000 178.000 0.000 152.000 317.000 267.000 24.000 195.000 266.000 42.000 312.000 288.000 206.000 300.000 318.000 251.000 240.000 280.000 206.000
W5.WT-B06.clone 291.000 297.000 285.000 279.000 294.000 345.000 327.000 286.000 263.000 315.000 289.000 214.000 348.000 284.000 265.000 0.000 303.000 295.000 274.000 307.000 262.000 253.000 303.000 303.000 265.000 265.000 265.000 262.000 260.000 265.000 265.000 265.000 303.000 265.000 265.000 265.000 265.000 309.000 302.000 225.000 253.000 298.000 257.000 228.000 228.000 298.000 305.000 279.000 305.000 265.000 306.000 219.000 273.000 265.000 303.000 297.000 318.000 327.000 198.000 277.000 303.000 265.000 265.000 300.000 327.000 315.000 311.000 283.000 346.000 206.000 310.000 231.000 329.000 304.000 313.000 282.000 264.000 264.000 204.000 264.000 318.000 225.000 265.000 262.000 265.000 265.000 265.000 199.000 279.000 264.000 279.000 192.000 265.000 262.000 233.000 253.000 265.000 265.000 265.000 291.000 276.000 292.000 314.000 315.000 336.000 317.000 331.000 244.000 265.000 319.000 260.000 326.000 253.000 234.000 232.000 265.000 208.000 273.000 303.000 243.000 270.000 303.000 345.000 308.000 253.000 289.000 288.000 280.000 265.000 288.000 253.000 248.000 297.000 297.000 270.000 295.000 245.000 233.000 263.000 265.000 282.000 258.000 291.000 265.000 273.000 219.000 265.000 348.000 312.000 260.000 297.000 318.000 267.000 321.000 235.000 260.000
NP311_CD8_LCK14_G01.clone 290.000 269.000 310.000 291.000 302.000 296.000 299.000 292.000 260.000 226.000 235.000 255.000 271.000 200.000 265.000 303.000 0.000 211.000 307.000 221.000 265.000 268.000 265.000 21.000 268.000 268.000 268.000 268.000 233.000 256.000 265.000 256.000 265.000 268.000 256.000 253.000 262.000 286.000 286.000 270.000 265.000 218.000 215.000 308.000 308.000 218.000 281.000 286.000 281.000 268.000 289.000 303.000 285.000 247.000 284.000 291.000 280.000 299.000 306.000 280.000 289.000 268.000 268.000 293.000 301.000 272.000 293.000 316.000 291.000 226.000 289.000 265.000 282.000 285.000 328.000 255.000 195.000 195.000 298.000 195.000 277.000 270.000 268.000 268.000 268.000 265.000 268.000 258.000 60.000 189.000 51.000 268.000 265.000 268.000 239.000 277.000 268.000 268.000 256.000 75.000 168.000 250.000 232.000 301.000 295.000 200.000 209.000 301.000 268.000 200.000 233.000 202.000 268.000 291.000 233.000 256.000 221.000 298.000 0.000 275.000 303.000 0.000 325.000 273.000 276.000 298.000 138.000 278.000 265.000 294.000 280.000 322.000 269.000 269.000 259.000 278.000 319.000 239.000 294.000 265.000 247.000 330.000 216.000 265.000 277.000 219.000 268.000 269.000 252.000 233.000 268.000 275.000 239.000 232.000 245.000 233.000
WT1.WT-A10.clone 233.000 233.000 292.000 285.000 239.000 302.000 236.000 299.000 285.000 307.000 276.000 249.000 348.000 234.000 244.000 295.000 211.000 0.000 234.000 301.000 232.000 232.000 221.000 220.000 232.000 232.000 232.000 244.000 215.000 229.000 244.000 229.000 221.000 232.000 229.000 241.000 244.000 238.000 230.000 296.000 232.000 304.000 233.000 301.000 301.000 304.000 290.000 266.000 290.000 232.000 239.000 289.000 208.000 285.000 233.000 273.000 227.000 248.000 297.000 220.000 233.000 232.000 241.000 290.000 254.000 221.000 344.000 325.000 308.000 203.000 287.000 311.000 308.000 293.000 198.000 257.000 322.000 322.000 305.000 322.000 314.000 287.000 232.000 244.000 232.000 244.000 232.000 291.000 244.000 322.000 244.000 298.000 244.000 244.000 248.000 208.000 232.000 232.000 229.000 256.000 295.000 282.000 330.000 254.000 245.000 312.000 338.000 279.000 241.000 317.000 215.000 300.000 244.000 287.000 254.000 229.000 300.000 294.000 211.000 299.000 297.000 211.000 322.000 315.000 233.000 177.000 301.000 162.000 229.000 308.000 220.000 308.000 233.000 233.000 303.000 307.000 308.000 248.000 226.000 244.000 300.000 317.000 155.000 220.000 241.000 245.000 241.000 294.000 164.000 215.000 233.000 227.000 257.000 264.000 254.000 215.000
WT1.WT-F2.clone 237.000 308.000 277.000 262.000 266.000 317.000 284.000 212.000 289.000 313.000 264.000 274.000 346.000 293.000 254.000 274.000 307.000 234.000 0.000 292.000 230.000 230.000 308.000 307.000 242.000 242.000 242.000 254.000 245.000 239.000 254.000 239.000 308.000 245.000 227.000 251.000 254.000 268.000 259.000 264.000 242.000 310.000 236.000 298.000 298.000 310.000 269.000 297.000 269.000 242.000 299.000 289.000 277.000 261.000 302.000 310.000 290.000 302.000 270.000 242.000 308.000 242.000 251.000 308.000 290.000 314.000 334.000 340.000 297.000 258.000 312.000 330.000 346.000 331.000 270.000 303.000 295.000 295.000 264.000 295.000 239.000 267.000 239.000 254.000 242.000 254.000 242.000 288.000 310.000 295.000 310.000 241.000 254.000 254.000 209.000 242.000 239.000 242.000 239.000 322.000 304.000 288.000 267.000 278.000 296.000 337.000 322.000 293.000 251.000 343.000 245.000 306.000 254.000 281.000 297.000 239.000 285.000 236.000 307.000 291.000 330.000 307.000 279.000 311.000 279.000 270.000 310.000 234.000 251.000 312.000 242.000 309.000 308.000 308.000 304.000 321.000 300.000 209.000 230.000 254.000 313.000 339.000 248.000 242.000 235.000 233.000 251.000 294.000 284.000 245.000 308.000 317.000 336.000 313.000 309.000 245.000
WT1.WT-A09.clone 272.000 210.000 270.000 290.000 252.000 276.000 246.000 247.000 264.000 237.000 207.000 290.000 309.000 225.000 265.000 307.000 221.000 301.000 292.000 0.000 253.000 253.000 209.000 233.000 253.000 253.000 253.000 265.000 215.000 250.000 265.000 250.000 209.000 253.000 250.000 262.000 253.000 313.000 226.000 230.000 241.000 165.000 188.000 312.000 312.000 165.000 279.000 306.000 279.000 253.000 254.000 293.000 287.000 222.000 252.000 309.000 251.000 210.000 284.000 250.000 209.000 253.000 262.000 207.000 263.000 255.000 304.000 281.000 293.000 305.000 297.000 284.000 220.000 309.000 343.000 311.000 191.000 191.000 272.000 191.000 254.000 239.000 253.000 265.000 253.000 253.000 253.000 256.000 218.000 203.000 218.000 302.000 265.000 265.000 206.000 265.000 253.000 253.000 250.000 209.000 224.000 264.000 282.000 263.000 230.000 211.000 232.000 299.000 262.000 211.000 227.000 300.000 265.000 310.000 267.000 250.000 246.000 286.000 221.000 235.000 302.000 221.000 313.000 184.000 269.000 304.000 176.000 233.000 262.000 287.000 265.000 300.000 210.000 210.000 230.000 247.000 300.000 206.000 282.000 265.000 227.000 322.000 285.000 253.000 280.000 295.000 262.000 273.000 277.000 227.000 209.000 216.000 282.000 239.000 303.000 227.000
WT1.WT-A07.clone 234.000 288.000 279.000 280.000 288.000 303.000 315.000 269.000 192.000 315.000 249.000 262.000 345.000 255.000 30.000 262.000 265.000 232.000 230.000 253.000 0.000 24.000 300.000 265.000 18.000 24.000 18.000 24.000 206.000 15.000 24.000 21.000 300.000 30.000 33.000 27.000 24.000 267.000 253.000 256.000 33.000 286.000 167.000 303.000 303.000 286.000 324.000 236.000 324.000 24.000 318.000 299.000 254.000 249.000 321.000 301.000 300.000 312.000 271.000 66.000 309.000 18.000 33.000 291.000 327.000 309.000 306.000 314.000 327.000 244.000 308.000 279.000 317.000 306.000 250.000 285.000 241.000 241.000 187.000 241.000 319.000 240.000 27.000 30.000 18.000 24.000 24.000 239.000 244.000 250.000 244.000 294.000 24.000 24.000 104.000 63.000 27.000 18.000 21.000 244.000 253.000 285.000 318.000 327.000 321.000 238.000 293.000 305.000 27.000 275.000 194.000 315.000 36.000 299.000 256.000 21.000 255.000 289.000 265.000 256.000 258.000 265.000 335.000 284.000 248.000 244.000 250.000 160.000 27.000 289.000 57.000 305.000 288.000 288.000 152.000 271.000 296.000 104.000 175.000 30.000 149.000 305.000 258.000 18.000 171.000 263.000 33.000 309.000 294.000 194.000 300.000 318.000 248.000 240.000 277.000 194.000
WT1.WT-C06.clone 234.000 300.000 267.000 280.000 300.000 315.000 327.000 281.000 186.000 315.000 261.000 265.000 345.000 258.000 24.000 253.000 268.000 232.000 230.000 253.000 24.000 0.000 300.000 268.000 24.000 12.000 12.000 24.000 206.000 24.000 36.000 24.000 300.000 36.000 36.000 36.000 36.000 279.000 253.000 244.000 45.000 274.000 155.000 303.000 303.000 274.000 336.000 224.000 336.000 12.000 324.000 287.000 266.000 255.000 333.000 301.000 291.000 324.000 274.000 72.000 297.000 12.000 21.000 291.000 339.000 321.000 306.000 326.000 327.000 247.000 308.000 279.000 305.000 315.000 262.000 285.000 253.000 253.000 187.000 253.000 319.000 228.000 21.000 24.000 12.000 36.000 12.000 239.000 244.000 262.000 244.000 294.000 36.000 36.000 116.000 69.000 21.000 24.000 24.000 244.000 265.000 297.000 318.000 327.000 321.000 262.000 296.000 305.000 21.000 299.000 194.000 318.000 24.000 302.000 259.000 24.000 267.000 292.000 268.000 244.000 261.000 268.000 338.000 284.000 254.000 256.000 256.000 172.000 33.000 289.000 69.000 308.000 300.000 300.000 128.000 277.000 308.000 116.000 175.000 24.000 152.000 317.000 273.000 24.000 183.000 254.000 45.000 312.000 294.000 194.000 300.000 318.000 251.000 243.000 280.000 194.000
WT1.WT-A06.clone 301.000 39.000 270.000 281.000 192.000 272.000 195.000 265.000 271.000 268.000 260.000 301.000 303.000 279.000 300.000 303.000 265.000 221.000 308.000 209.000 300.000 300.000 0.000 265.000 300.000 300.000 300.000 300.000 301.000 297.000 300.000 297.000 0.000 300.000 297.000 297.000 300.000 303.000 250.000 228.000 297.000 170.000 271.000 273.000 273.000 170.000 272.000 309.000 272.000 300.000 177.000 267.000 222.000 305.000 189.000 290.000 189.000 135.000 283.000 312.000 48.000 300.000 300.000 258.000 177.000 192.000 270.000 268.000 292.000 312.000 306.000 301.000 293.000 293.000 254.000 265.000 304.000 304.000 304.000 304.000 198.000 256.000 300.000 300.000 300.000 300.000 300.000 281.000 262.000 304.000 262.000 261.000 300.000 300.000 298.000 297.000 300.000 300.000 297.000 274.000 310.000 320.000 261.000 177.000 165.000 255.000 275.000 287.000 300.000 260.000 301.000 303.000 300.000 301.000 289.000 297.000 266.000 279.000 265.000 256.000 325.000 265.000 285.000 229.000 280.000 254.000 250.000 155.000 288.000 309.000 309.000 270.000 39.000 39.000 184.000 308.000 270.000 298.000 276.000 300.000 181.000 307.000 205.000 288.000 288.000 274.000 300.000 273.000 200.000 301.000 36.000 87.000 304.000 264.000 310.000 301.000
WT1.WT-B2.clone 290.000 269.000 310.000 291.000 302.000 296.000 299.000 292.000 260.000 226.000 235.000 252.000 280.000 209.000 265.000 303.000 21.000 220.000 307.000 233.000 265.000 268.000 265.000 0.000 268.000 268.000 268.000 268.000 233.000 256.000 265.000 256.000 265.000 268.000 256.000 253.000 262.000 283.000 286.000 270.000 265.000 218.000 215.000 308.000 308.000 218.000 278.000 286.000 278.000 268.000 289.000 303.000 288.000 247.000 284.000 291.000 280.000 299.000 306.000 280.000 289.000 268.000 268.000 293.000 298.000 272.000 293.000 322.000 291.000 238.000 298.000 265.000 282.000 285.000 328.000 255.000 201.000 201.000 298.000 201.000 277.000 270.000 268.000 268.000 268.000 265.000 268.000 258.000 57.000 195.000 66.000 268.000 265.000 268.000 245.000 277.000 268.000 268.000 256.000 81.000 174.000 250.000 220.000 301.000 295.000 200.000 206.000 301.000 268.000 200.000 233.000 205.000 256.000 294.000 230.000 256.000 227.000 298.000 21.000 275.000 312.000 21.000 313.000 273.000 276.000 298.000 138.000 278.000 265.000 294.000 280.000 322.000 269.000 269.000 259.000 278.000 319.000 245.000 303.000 265.000 247.000 330.000 216.000 265.000 274.000 219.000 268.000 266.000 252.000 233.000 265.000 275.000 239.000 232.000 245.000 233.000
WT1.WT-B1.clone 231.000 294.000 279.000 280.000 294.000 315.000 321.000 281.000 186.000 315.000 255.000 265.000 339.000 258.000 24.000 265.000 268.000 232.000 242.000 253.000 18.000 24.000 300.000 268.000 0.000 24.000 12.000 30.000 206.000 12.000 30.000 24.000 300.000 12.000 36.000 24.000 30.000 279.000 250.000 256.000 39.000 286.000 167.000 315.000 315.000 286.000 336.000 236.000 336.000 24.000 309.000 299.000 266.000 240.000 327.000 298.000 303.000 318.000 274.000 60.000 309.000 12.000 33.000 291.000 339.000 315.000 306.000 326.000 324.000 247.000 308.000 279.000 317.000 303.000 256.000 282.000 253.000 253.000 187.000 253.000 316.000 240.000 21.000 24.000 12.000 30.000 24.000 239.000 244.000 262.000 244.000 291.000 30.000 30.000 116.000 57.000 21.000 12.000 24.000 244.000 265.000 291.000 318.000 339.000 327.000 256.000 296.000 305.000 21.000 293.000 194.000 318.000 36.000 302.000 259.000 24.000 267.000 292.000 268.000 256.000 261.000 268.000 338.000 281.000 239.000 250.000 241.000 166.000 21.000 289.000 63.000 308.000 294.000 294.000 152.000 265.000 308.000 116.000 175.000 24.000 152.000 317.000 267.000 12.000 183.000 266.000 39.000 312.000 300.000 194.000 300.000 318.000 251.000 243.000 280.000 194.000
WT1.WT-C09.clone 234.000 300.000 267.000 268.000 300.000 303.000 327.000 281.000 186.000 315.000 261.000 262.000 345.000 258.000 24.000 265.000 268.000 232.000 242.000 253.000 24.000 12.000 300.000 268.000 24.000 0.000 12.000 24.000 206.000 24.000 36.000 12.000 300.000 36.000 24.000 36.000 36.000 276.000 253.000 256.000 45.000 286.000 167.000 315.000 315.000 286.000 333.000 236.000 333.000 0.000 324.000 299.000 266.000 255.000 333.000 301.000 303.000 324.000 274.000 72.000 309.000 12.000 9.000 291.000 336.000 321.000 306.000 326.000 327.000 247.000 308.000 279.000 317.000 315.000 262.000 285.000 253.000 253.000 175.000 253.000 319.000 240.000 21.000 24.000 12.000 36.000 0.000 239.000 244.000 262.000 244.000 294.000 36.000 36.000 116.000 69.000 21.000 24.000 12.000 244.000 265.000 297.000 318.000 339.000 321.000 262.000 293.000 293.000 21.000 299.000 194.000 318.000 24.000 302.000 256.000 12.000 267.000 292.000 268.000 256.000 261.000 268.000 338.000 284.000 254.000 256.000 256.000 172.000 33.000 277.000 69.000 308.000 300.000 300.000 140.000 277.000 308.000 116.000 175.000 24.000 140.000 305.000 273.000 24.000 180.000 266.000 45.000 309.000 294.000 194.000 297.000 306.000 239.000 231.000 268.000 194.000
WT1.WT-A08.clone 231.000 294.000 267.000 280.000 294.000 315.000 321.000 281.000 174.000 315.000 255.000 265.000 345.000 258.000 12.000 265.000 268.000 232.000 242.000 253.000 18.000 12.000 300.000 268.000 12.000 12.000 0.000 18.000 206.000 12.000 30.000 24.000 300.000 24.000 36.000 24.000 30.000 279.000 250.000 256.000 39.000 286.000 167.000 315.000 315.000 286.000 336.000 236.000 336.000 12.000 312.000 299.000 266.000 243.000 327.000 298.000 303.000 318.000 274.000 60.000 309.000 0.000 21.000 291.000 339.000 315.000 306.000 326.000 327.000 247.000 308.000 279.000 317.000 303.000 256.000 282.000 253.000 253.000 187.000 253.000 316.000 240.000 9.000 12.000 0.000 30.000 12.000 239.000 244.000 262.000 244.000 291.000 30.000 30.000 116.000 57.000 9.000 12.000 24.000 244.000 265.000 291.000 318.000 339.000 315.000 256.000 296.000 305.000 9.000 293.000 194.000 318.000 24.000 302.000 259.000 24.000 267.000 292.000 268.000 256.000 261.000 268.000 338.000 281.000 242.000 250.000 244.000 166.000 21.000 289.000 63.000 308.000 294.000 294.000 140.000 265.000 308.000 116.000 175.000 12.000 152.000 317.000 267.000 12.000 183.000 266.000 39.000 312.000 288.000 194.000 300.000 318.000 251.000 243.000 280.000 194.000
WT1.WT-B06.clone 246.000 288.000 279.000 292.000 288.000 315.000 315.000 287.000 180.000 315.000 261.000 262.000 345.000 258.000 18.000 262.000 268.000 244.000 254.000 265.000 24.000 24.000 300.000 268.000 30.000 24.000 18.000 0.000 218.000 30.000 24.000 36.000 300.000 42.000 48.000 30.000 24.000 279.000 265.000 253.000 45.000 286.000 179.000 315.000 315.000 286.000 336.000 224.000 336.000 24.000 318.000 299.000 278.000 261.000 321.000 301.000 303.000 312.000 271.000 78.000 309.000 18.000 24.000 294.000 339.000 309.000 303.000 326.000 339.000 244.000 308.000 276.000 317.000 309.000 262.000 273.000 253.000 253.000 184.000 253.000 319.000 240.000 27.000 6.000 18.000 24.000 24.000 236.000 244.000 262.000 244.000 291.000 24.000 18.000 128.000 75.000 27.000 30.000 36.000 244.000 265.000 273.000 318.000 339.000 309.000 250.000 296.000 305.000 18.000 287.000 206.000 318.000 21.000 299.000 247.000 36.000 264.000 295.000 268.000 256.000 261.000 268.000 350.000 284.000 260.000 232.000 250.000 172.000 30.000 286.000 69.000 305.000 288.000 288.000 140.000 268.000 305.000 128.000 178.000 18.000 152.000 317.000 249.000 30.000 195.000 254.000 36.000 312.000 282.000 206.000 300.000 306.000 251.000 243.000 277.000 206.000
WT1.WT-G10.clone 156.000 314.000 256.000 252.000 323.000 330.000 311.000 266.000 236.000 297.000 193.000 262.000 363.000 231.000 218.000 260.000 233.000 215.000 245.000 215.000 206.000 206.000 301.000 233.000 206.000 206.000 206.000 218.000 0.000 206.000 218.000 206.000 301.000 206.000 206.000 218.000 218.000 269.000 206.000 268.000 194.000 212.000 120.000 241.000 241.000 212.000 303.000 293.000 303.000 206.000 307.000 261.000 267.000 181.000 311.000 268.000 313.000 326.000 271.000 194.000 313.000 206.000 215.000 266.000 325.000 299.000 342.000 329.000 282.000 247.000 305.000 297.000 286.000 309.000 215.000 285.000 218.000 218.000 267.000 218.000 319.000 198.000 206.000 218.000 206.000 218.000 206.000 254.000 209.000 242.000 209.000 273.000 212.000 218.000 168.000 182.000 206.000 197.000 206.000 221.000 242.000 241.000 315.000 325.000 322.000 292.000 292.000 303.000 215.000 292.000 15.000 267.000 218.000 230.000 271.000 206.000 223.000 241.000 233.000 218.000 322.000 233.000 326.000 255.000 240.000 251.000 242.000 234.000 215.000 256.000 182.000 287.000 314.000 314.000 286.000 255.000 287.000 168.000 256.000 218.000 286.000 335.000 271.000 206.000 233.000 275.000 215.000 312.000 289.000 12.000 313.000 320.000 259.000 269.000 271.000 12.000
WT1.WT-E3.clone 228.000 294.000 279.000 280.000 294.000 312.000 318.000 278.000 186.000 312.000 252.000 253.000 345.000 246.000 24.000 265.000 256.000 229.000 239.000 250.000 15.000 24.000 297.000 256.000 12.000 24.000 12.000 30.000 206.000 0.000 30.000 12.000 297.000 24.000 24.000 12.000 27.000 276.000 247.000 253.000 36.000 283.000 164.000 312.000 312.000 283.000 333.000 236.000 333.000 24.000 312.000 299.000 263.000 243.000 327.000 295.000 291.000 318.000 274.000 60.000 306.000 12.000 33.000 288.000 336.000 315.000 306.000 323.000 327.000 235.000 308.000 279.000 314.000 291.000 256.000 279.000 250.000 250.000 187.000 250.000 316.000 240.000 21.000 24.000 12.000 27.000 24.000 236.000 241.000 259.000 241.000 291.000 30.000 30.000 113.000 54.000 21.000 12.000 12.000 241.000 262.000 288.000 318.000 336.000 327.000 253.000 284.000 305.000 21.000 290.000 194.000 306.000 36.000 290.000 247.000 12.000 264.000 292.000 256.000 256.000 249.000 256.000 326.000 281.000 242.000 250.000 244.000 166.000 18.000 289.000 63.000 308.000 294.000 294.000 152.000 265.000 305.000 113.000 172.000 24.000 140.000 314.000 255.000 9.000 180.000 254.000 39.000 300.000 300.000 194.000 300.000 318.000 239.000 231.000 268.000 194.000
WT1.WT-C3.clone 246.000 276.000 291.000 280.000 276.000 315.000 315.000 287.000 192.000 315.000 261.000 265.000 342.000 258.000 18.000 265.000 265.000 244.000 254.000 265.000 24.000 36.000 300.000 265.000 30.000 36.000 30.000 24.000 218.000 30.000 0.000 36.000 300.000 42.000 48.000 18.000 12.000 279.000 265.000 256.000 45.000 286.000 179.000 315.000 315.000 286.000 336.000 236.000 336.000 36.000 318.000 287.000 278.000 261.000 309.000 301.000 303.000 300.000 274.000 78.000 309.000 30.000 36.000 294.000 339.000 297.000 306.000 326.000 339.000 247.000 296.000 279.000 317.000 309.000 250.000 285.000 253.000 253.000 187.000 253.000 319.000 228.000 39.000 30.000 30.000 24.000 36.000 239.000 241.000 259.000 241.000 294.000 12.000 12.000 128.000 75.000 39.000 30.000 36.000 241.000 262.000 285.000 303.000 339.000 321.000 250.000 293.000 293.000 30.000 287.000 206.000 318.000 36.000 302.000 259.000 36.000 267.000 283.000 265.000 232.000 249.000 265.000 350.000 284.000 260.000 244.000 247.000 160.000 30.000 277.000 57.000 308.000 276.000 276.000 152.000 259.000 308.000 128.000 178.000 18.000 152.000 317.000 261.000 30.000 195.000 266.000 24.000 312.000 294.000 206.000 288.000 306.000 251.000 240.000 280.000 206.000
